-------------------Default Matrix check-----------------------
a1:
3 4 0 
0 3 0 
12 0 3 
0 0 7 
0 0 0 
0 13 0 

b:
2 6 4 0 
0 2 0 0 
0 5 2 0 

a = a1*b:
6 26 12 0 
0 6 0 0 
24 87 54 0 
0 35 14 0 
0 0 0 0 
0 26 0 0 

c:
2 0 5 0 
0 2 0 5 
3 0 0 0 
0 3 0 0 
0 0 0 0 
0 0 0 0 

c+a: 
8 26 17 0 
0 8 0 5 
27 87 54 0 
0 38 14 0 
0 0 0 0 
0 26 0 0 

-------------------Sparse Matrix check-----------------------
ab size: 6 4
ab: 
0 1 0 0 
10 0 12 0 
0 0 22 0 
0 0 32 0 
0 0 42 0 
0 0 0 53 

ab+(c+a):
8 27 17 0 
10 8 12 5 
27 87 76 0 
0 38 46 0 
0 0 42 0 
0 26 0 53 

ab+ab:
0 2 0 0 
20 0 24 0 
0 0 44 0 
0 0 64 0 
0 0 84 0 
0 0 0 106 

''with more size'' ab:
0 1 0 0 0 5 
10 0 12 0 0 0 
0 0 22 0 0 0 
0 0 32 0 0 0 
0 0 42 0 0 0 
0 0 0 53 0 0 

ab*a1:
0 68 0 
174 40 36 
264 0 66 
384 0 96 
504 0 126 
0 0 371 

remove elements (0 5, 5 3, then shrinkToFit())
ab size: 6 6
ab: 
0 1 0 0 0 0 
10 0 12 0 0 0 
0 0 22 0 0 0 
0 0 32 0 0 0 
0 0 42 0 0 0 
0 0 0 0 0 0 

ab size: 5 3
ab: 
0 1 0 
10 0 12 
0 0 22 
0 0 32 
0 0 42 

ab*b:
0 2 0 0 
20 120 64 0 
0 110 44 0 
0 160 64 0 
0 210 84 0 

ab size: 5 5
ab: 
9 8 0 5 4 
6 7 12 3 3 
0 0 8 0 0 
7 5 32 1 8 
1 2 42 5 6 

ac size: 5 5
ac: 
0 4 2 7 7 
3 0 5 2 7 
2 2 0 6 7 
2 9 3 0 5 
1 3 4 8 0 

ab size: 5 5
ab: 
0 3 6 3 5 
7 0 3 5 8 
3 8 0 9 4 
8 9 4 0 8 
8 7 1 9 0 

(removeAll && shrinkToFit)ab size: 1 1
ab: 
0 

vw:
3 

vw+vw:
6 

vw*vw:
9 

-------------------Square Matrix check-----------------------
(UsualMatrix) w:
9 0 0 
0 0 8 
0 7 0 

d:
1 6 4 
0 1 0 
0 5 1 

e:
1 2 7 
0 1 4 
0 0 1 

d+e:
2 8 11 
0 2 4 
0 5 2 

d*e:
1 8 35 
0 1 4 
0 5 21 

d*w:
9 28 48 
0 0 8 
0 7 40 

v:
3 

v+v:
6 

v*v:
9 

-------------------Matrix Equals check-----------------------
a == b? : false
a+c == c+a? : true
d == e? : false
d == a? (different classes) : false
kk:
2 3 4 
5 6 7 

ko:
9 8 
7 6 
5 4 

kk*ko:
59 50 
122 104 


It is just a check how to "finally" working

